Optics Name: HR Center, HR Chord Center, Center of Mass, Normal Vector, Normal Angle [deg]
PRM: [-19.46210745   0.22671689] , [-19.4620904    0.22671694] , [-19.5120902   0.226575 ],[0.99999597 0.00283876],0.16264931197018656
PR2: [-4.70067857  0.26862124] , [-4.69813825  0.26865428] , [-4.64814248  0.26930455],[-0.99991543 -0.01300532],180.74517075906883
PR3: [-1.57637713e+01  1.22147218e-02] , [-1.57634577e+01  1.22182331e-02] , [-1.58134546e+01  1.16583013e-02],[0.99993729 0.01119864],0.6416479927957189
BS: [-2.33146835e-15  3.81639165e-17] , [-2.33146835e-15  3.81639165e-17] , [ 0.02827797 -0.02829058],[-0.70694913  0.7072644 ],134.98722689115667
ITMX: [ 2.65071128e+01 -1.63807285e-02] , [ 2.65071160e+01 -1.63807285e-02] , [ 2.64321160e+01 -1.63807285e-02],[1. 0.],0.0
ITMY: [-7.59055707e-03  2.32219757e+01] , [-7.59055707e-03  2.32219789e+01] , [-7.59055707e-03  2.31469789e+01],[6.123234e-17 1.000000e+00],90.0
SR3: [  0.04723878 -15.69395074] , [  0.04724209 -15.69363721] , [  0.04671472 -15.74363443],[0.01054742 0.99994437],89.3956662667881
SR2: [ 0.29749083 -4.58526429] , [ 0.29752315 -4.582648  ] , [ 0.29814086 -4.53265181],[-0.01235411 -0.99992369],269.2921435005146
SRM: [  0.26528036 -19.32645276] , [  0.2652804  -19.32643571] , [  0.26517115 -19.37643559],[0.00218506 0.99999761],89.8748051463543
ETMX: [ 3.02650711e+03 -1.63807285e-02] , [ 3.02650711e+03 -1.63807285e-02] , [ 3.02658211e+03 -1.63807285e-02],[-1.0000000e+00  1.2246468e-16],180.0
ETMY: [-7.59055709e-03  3.02322198e+03] , [-7.59055709e-03  3.02322197e+03] , [-7.59055709e-03  3.02329697e+03],[ 2.48083824e-15 -1.00000000e+00],270.00000000000017
MCi: [-27.759072    0.1369538] , [-27.759072    0.1369538] , [-27.76972871   0.12639754],[0.71044727 0.70375044],44.72868186677028
MCo: [-27.259072    0.1369538] , [-27.259072    0.1369538] , [-27.2484153    0.12639753],[-0.71044663  0.70375108],135.27126604826236
MCe: [-27.509048    26.53565317] , [-27.509048    26.53561966] , [-27.509048    26.55061966],[-1.8369702e-16 -1.0000000e+00],270.0
MMT1: [-21.39407761  -0.06079745] , [-21.39393836  -0.0608076 ] , [-21.37897802  -0.06189768],[-0.9973559   0.07267188],175.83253405548786
MMT2: [-24.47907804   0.28971332] , [-24.47898836   0.28970767] , [-24.4939586    0.29065205],[ 0.99801611 -0.06295914],356.39031988109525

---------------- AR ------------------

MCi AR incident pont: [-27.7913267   0.1278957]
MCo AR output pont: [-27.2268173    0.12789568]
PRM AR incident pont: [-19.56208999   0.22643306]
BS AR to X arm: [ 0.08821639 -0.02502306]
BS AR to SRC: [ 0.0249448  -0.08809008]
ITMX AR incident point: [ 2.63571160e+01 -1.63807285e-02]
ITMY AR incident point: [-7.59055708e-03  2.30719789e+01]
SRM AR output point: [  0.26506189 -19.42643547]
ETMX AR output point: [ 3.02665711e+03 -1.63807285e-02]
ETMX transmission beam direction vector = (1.0, -0.000657989)
ETMY AR output point: [-7.59055709e-03  3.02337197e+03]
ETMY transmission beam direction vector = (-0.000657989, 1.0)
